Lat : 28.63020000


Long : 77.37830000